000 00000000 00000000 00000000 0
000 11111111 11111111 11111110 1
001 00000101 00000101 00000000 0
001 00000011 00001001 11111010 1
010 00000000 00000000 00000000 0
010 11111111 11111111 11111111 0
011 00000000 00000000 00000000 0
011 11111111 11111111 11111111 0
100 00000000 00000000 00000000 0
100 11111111 11111111 00000000 0
101 10000000 00000000 00000000 1
101 00000001 00000000 00000010 0
110 00000001 00000000 00000000 1
110 00000010 00000000 00000001 0
111 10000000 00000000 11000000 0
111 01111111 00000000 00111111 1
000 11001110 00110001 11111111 0
000 00101100 01001100 01111000 0
000 01001011 11101100 00110111 1
000 00101011 10010000 10111011 0
000 10011011 01100101 00000000 1
000 00000011 11100011 11100110 0
000 00010001 01011110 01101111 0
000 01011000 10110100 00001100 1
000 01111100 00000001 01111101 0
000 01011110 11111101 01011011 1
000 11000110 01100111 00101101 1
000 10101010 01100011 00001101 1
000 11110110 10110000 10100110 1
000 01110110 10011101 00010011 1
000 01011101 00001011 01101000 0
000 10010011 11000111 01011010 1
000 01100111 11001001 00110000 1
000 11101100 00111111 00101011 1
000 11000111 00001000 11001111 0
000 11001000 11001101 10010101 1
000 11101011 11100101 11010000 1
000 00000100 11100000 11100100 0
000 11011110 00111010 00011000 1
000 11111100 11110100 11110000 1
000 11110111 00000101 11111100 0
000 01000110 01110011 10111001 0
000 10101100 00110011 11011111 0
000 01110001 00011111 10010000 0
000 01101000 00011100 10000100 0
000 11100000 00001100 11101100 0
000 00000100 11101000 11101100 0
000 01011111 01100001 11000000 0
000 01000110 01111110 11000100 0
000 11100011 10000111 01101010 1
000 10000010 10100100 00100110 1
000 00100101 00001000 00101101 0
000 10010111 10100011 00111010 1
000 10000000 10100100 00100100 1
000 11100011 00110100 00010111 1
000 01111001 00101000 10100001 0
000 11110111 10101101 10100100 1
000 10111100 01001111 00001011 1
000 11111010 00001101 00000111 1
000 01110111 11111100 01110011 1
000 10100011 11111011 10011110 1
000 00001010 11000101 11001111 0
000 10010111 00101000 10111111 0
000 00011101 10101100 11001001 0
000 00001110 01110110 10000100 0
000 01010101 10010110 11101011 0
001 10000110 11010111 10101111 1
001 01101111 10111011 10110100 1
001 11010011 10010111 00111100 0
001 11101111 01101001 10000110 0
001 00101111 10111011 01110100 1
001 00101010 00000111 00100011 0
001 10000111 11010000 10110111 1
001 10110000 10000111 00101001 0
001 01001101 10100010 10101011 1
001 00001001 01110111 10010010 1
001 11100111 00001101 11011010 0
001 01111011 10111000 11000011 1
001 00100101 01001010 11011011 1
001 11011011 11001111 00001100 0
001 10110101 10110010 00000011 0
001 01111110 00011011 01100011 0
001 00000110 11000000 01000110 1
001 00001101 01101101 10100000 1
001 01101100 01010111 00010101 0
001 11011101 11111010 11100011 1
001 01100011 10010000 11010011 1
001 10101110 01001111 01011111 0
001 10000001 11001001 10111000 1
001 01100100 00010100 01010000 0
001 00101100 10001110 10011110 1
001 01100000 00101010 00110110 0
001 00101010 10101100 01111110 1
001 00000110 11000010 01000100 1
001 01111010 00100001 01011001 0
001 10110011 01010001 01100010 0
001 10001110 10010100 11111010 1
001 10101101 00000100 10101001 0
001 01000011 10111100 10000111 1
001 01101000 00011000 01010000 0
001 11010000 10000010 01001110 0
001 11110001 11110110 11111011 1
001 01110010 00010000 01100010 0
001 00000011 11010100 00101111 1
001 00110110 01101100 11001010 1
001 11110000 10011100 01010100 0
001 11000001 10010001 00110000 0
001 00101001 11110001 00111000 1
001 11100111 10110010 00110101 0
001 11100010 00010101 11001101 0
001 01011101 01100010 11111011 1
001 00011001 01101010 10101111 1
001 01101000 01111100 11101100 1
001 01110000 01010001 00011111 0
001 10011100 10110110 11100110 1
001 01010101 11101011 01101010 1
010 01000011 10011000 00000000 0
010 00111010 11111100 00111000 0
010 11101011 00101110 00101010 0
010 00100101 01010101 00000101 0
010 11101001 10111011 10101001 0
010 10000110 00010001 00000000 0
010 01000101 11101001 01000001 0
010 10100111 01101100 00100100 0
010 01001011 01101010 01001010 0
010 10010111 01111111 00010111 0
010 00010100 01101001 00000000 0
010 01000000 10000110 00000000 0
010 01111000 00000011 00000000 0
010 10111111 01110101 00110101 0
010 10110111 00100101 00100101 0
010 01100100 10110100 00100100 0
010 01101000 10100001 00100000 0
010 01111100 11101001 01101000 0
010 11010100 00011111 00010100 0
010 10001010 01001111 00001010 0
010 10110111 10001010 10000010 0
010 10011110 01111000 00011000 0
010 01010001 00000010 00000000 0
010 10100100 00100010 00100000 0
010 10001110 01010010 00000010 0
010 10001110 10110101 10000100 0
010 10000001 11110011 10000001 0
010 11111001 01100001 01100001 0
010 10101001 00100100 00100000 0
010 11011101 01110110 01010100 0
010 01010010 01010100 01010000 0
010 10011100 00101010 00001000 0
010 01000001 00001010 00000000 0
010 11111011 10100001 10100001 0
010 11111000 10101011 10101000 0
010 01110000 11000010 01000000 0
010 11001101 10000011 10000001 0
010 10001000 00110010 00000000 0
010 01111101 01000011 01000001 0
010 01010010 10101010 00000010 0
010 01011011 01000001 01000001 0
010 01010001 01010100 01010000 0
010 10010100 00110110 00010100 0
010 10000000 11100101 10000000 0
010 11101101 00001011 00001001 0
010 01001110 11010011 01000010 0
010 10101100 01001001 00001000 0
010 01000001 01100001 01000001 0
010 01111001 10100001 00100001 0
010 11010001 11110110 11010000 0
011 01110101 10110101 11110101 0
011 00100010 00110000 00110010 0
011 00011101 00110101 00111101 0
011 11011001 01001100 11011101 0
011 01000110 00101111 01101111 0
011 11001010 01001110 11001110 0
011 11101000 01110101 11111101 0
011 01000000 01010110 01010110 0
011 01000000 11011001 11011001 0
011 10100011 00001001 10101011 0
011 11100110 10100010 11100110 0
011 10011111 00001111 10011111 0
011 00110001 00101110 00111111 0
011 10010000 10011110 10011110 0
011 10001010 00111000 10111010 0
011 00111111 11111010 11111111 0
011 11001000 11100000 11101000 0
011 10101100 00011001 10111101 0
011 11010111 10010011 11010111 0
011 11011110 01011110 11011110 0
011 00110111 11000100 11110111 0
011 10101100 10010100 10111100 0
011 00110110 01000110 01110110 0
011 01010011 10111111 11111111 0
011 00011011 01101011 01111011 0
011 11011010 11000001 11011011 0
011 00110010 11010101 11110111 0
011 10011110 00010110 10011110 0
011 11011100 01001111 11011111 0
011 01110000 11100001 11110001 0
011 11111001 11101100 11111101 0
011 01111110 11101001 11111111 0
011 11100010 11101110 11101110 0
011 01101110 11010001 11111111 0
011 00011101 00000111 00011111 0
011 10100000 00100101 10100101 0
011 11111111 00100111 11111111 0
011 01011110 00110100 01111110 0
011 00101001 00111011 00111011 0
011 00110101 01010010 01110111 0
011 01101100 00010111 01111111 0
011 10011000 01010001 11011001 0
011 10001101 01111110 11111111 0
011 10100001 10111110 10111111 0
011 10111111 01011110 11111111 0
011 01010010 10110100 11110110 0
011 11110010 00010111 11110111 0
011 11010111 10000001 11010111 0
011 11000001 10011000 11011001 0
011 10111011 10110100 10111111 0
100 00011101 00110000 00101101 0
100 00010101 00111110 00101011 0
100 10100111 00100010 10000101 0
100 00100101 00101001 00001100 0
100 10101000 11100010 01001010 0
100 11001110 10001000 01000110 0
100 00111111 00101111 00010000 0
100 01111111 10000000 11111111 0
100 01011010 10100101 11111111 0
100 00101110 11001010 11100100 0
100 00100101 11000111 11100010 0
100 00101010 01100101 01001111 0
100 10101101 11111011 01010110 0
100 10011101 00110011 10101110 0
100 01110011 11100011 10010000 0
100 01101101 00011111 01110010 0
100 01101111 11001001 10100110 0
100 11000111 01001011 10001100 0
100 01101001 11100001 10001000 0
100 00001001 11001011 11000010 0
100 11011110 01010011 10001101 0
100 00010110 11100111 11110001 0
100 01010001 00110001 01100000 0
100 10101000 11111101 01010101 0
100 00101001 01000110 01101111 0
100 10001010 11000110 01001100 0
100 00011010 10011011 10000001 0
100 01110000 01000010 00110010 0
100 11100001 00111011 11011010 0
100 00110111 10100011 10010100 0
100 11110101 10110101 01000000 0
100 00011011 01110011 01101000 0
100 11010101 10000111 01010010 0
100 01111110 10110001 11001111 0
100 10001000 11001010 01000010 0
100 10100110 11000001 01100111 0
100 00101111 00110001 00011110 0
100 10100111 01001001 11101110 0
100 01100110 11011101 10111011 0
100 01110111 11010011 10100100 0
100 10000101 01011001 11011100 0
100 00101100 00111010 00010110 0
100 00110010 00000101 00110111 0
100 10000001 01000010 11000011 0
100 10111011 01010001 11101010 0
100 01101001 10011111 11110110 0
100 10111000 10100100 00011100 0
100 01010101 01000101 00010000 0
100 11111110 00110011 11001101 0
100 11011101 10101101 01110000 0
101 01111011 11110111 11110110 0
101 00110010 11011111 01100100 0
101 00011000 11101100 00110000 0
101 11000001 11101110 10000010 1
101 00111011 00001011 01110110 0
101 00000000 01101110 00000000 0
101 00101111 00110001 01011110 0
101 00001111 01010001 00011110 0
101 11100000 10101111 11000000 1
101 10101101 10010101 01011010 1
101 10110110 11110000 01101100 1
101 11101000 11000010 11010000 1
101 11011011 10101011 10110110 1
101 10110111 11111000 01101110 1
101 00101011 11111101 01010110 0
101 01100011 00010110 11000110 0
101 11001011 00110010 10010110 1
101 10111010 10111110 01110100 1
101 10001110 00101010 00011100 1
101 10001001 11111000 00010010 1
101 10001011 00101000 00010110 1
101 10010000 01000101 00100000 1
101 11100110 11011011 11001100 1
101 01000101 10000001 10001010 0
101 10010110 00100000 00101100 1
101 01000000 10100010 10000000 0
101 11011000 10011010 10110000 1
101 01100100 00011001 11001000 0
101 11011001 11110111 10110010 1
101 10000110 00110111 00001100 1
101 11010010 11000011 10100100 1
101 11110100 01100001 11101000 1
101 01111111 11110001 11111110 0
101 10010100 10101000 00101000 1
101 01010100 01010111 10101000 0
101 11110010 11111000 11100100 1
101 10100010 10101100 01000100 1
101 00100101 11010010 01001010 0
101 01111101 01110011 11111010 0
101 10011110 11110110 00111100 1
101 00001010 10000111 00010100 0
101 11111111 11010111 11111110 1
101 00110011 10111011 01100110 0
101 00110100 00010100 01101000 0
101 00010111 00011001 00101110 0
101 10100100 01000000 01001000 1
101 00000101 00000001 00001010 0
101 01100101 11111010 11001010 0
101 01100100 01011001 11001000 0
101 01001100 01010000 10011000 0
110 11011100 00011101 01101110 0
110 11001011 11001100 01100101 1
110 01000011 00110110 00100001 1
110 00001100 10001101 00000110 0
110 00000010 11011010 00000001 0
110 00001101 11111010 00000110 1
110 10011000 00000001 01001100 0
110 11101110 00001111 01110111 0
110 00100000 00010100 00010000 0
110 01110000 11101100 00111000 0
110 11111010 01100101 01111101 0
110 10110011 00100010 01011001 1
110 00111010 00000011 00011101 0
110 00000101 11110111 00000010 1
110 01111000 00100001 00111100 0
110 11000100 01100100 01100010 0
110 10101001 00010000 01010100 1
110 10011000 10111110 01001100 0
110 01110110 01101111 00111011 0
110 11101111 01000011 01110111 1
110 11010101 10101101 01101010 1
110 11101011 01001100 01110101 1
110 00010000 00111001 00001000 0
110 01110110 11100001 00111011 0
110 01100010 00111000 00110001 0
110 11010010 11101011 01101001 0
110 01110100 10100011 00111010 0
110 10110001 10000110 01011000 1
110 10111101 11110011 01011110 1
110 00100001 10011001 00010000 1
110 10001100 10001010 01000110 0
110 00010100 01011001 00001010 0
110 01010101 11011000 00101010 1
110 11100000 01111111 01110000 0
110 10101100 10010000 01010110 0
110 10011110 10000010 01001111 0
110 10110101 01011001 01011010 1
110 00110111 00010000 00011011 1
110 11010100 01001101 01101010 0
110 11000001 10100001 01100000 1
110 01100110 01011010 00110011 0
110 11000000 10011001 01100000 0
110 10010010 10101001 01001001 0
110 11001110 11111100 01100111 0
110 11101011 11101101 01110101 1
110 00111111 00011110 00011111 1
110 01100000 01000001 00110000 0
110 11010011 10100000 01101001 1
110 01100000 11010111 00110000 0
110 10000010 00000011 01000001 0
111 10010000 00110111 11001000 0
111 00100100 00101000 00010010 0
111 10010001 00111110 11001000 1
111 01101011 00100010 00110101 1
111 00001010 10100011 00000101 0
111 10001111 00110010 11000111 1
111 01010111 10011011 00101011 1
111 10000001 01101111 11000000 1
111 01100000 10111101 00110000 0
111 10110111 10101110 11011011 1
111 00011010 10000100 00001101 0
111 01001100 00100100 00100110 0
111 10111100 01010101 11011110 0
111 01001011 11101001 00100101 1
111 00100100 10011000 00010010 0
111 10111000 10001010 11011100 0
111 00101000 00100000 00010100 0
111 10000100 11111100 11000010 0
111 11100011 01011011 11110001 1
111 10001111 10110101 11000111 1
111 10101100 11100001 11010110 0
111 11000001 10011101 11100000 1
111 10101101 01001111 11010110 1
111 11010110 11101100 11101011 0
111 11100000 11010010 11110000 0
111 01000001 11111111 00100000 1
111 11100010 11101110 11110001 0
111 01010011 10100100 00101001 1
111 01100000 01101110 00110000 0
111 10101110 01010010 11010111 0
111 11110001 11001001 11111000 1
111 11000001 01101000 11100000 1
111 00110111 00011111 00011011 1
111 10001111 01100100 11000111 1
111 10010111 10111001 11001011 1
111 10000000 00001110 11000000 0
111 11111011 11000111 11111101 1
111 10000010 10101000 11000001 0
111 10001101 01111000 11000110 1
111 00010111 00001100 00001011 1
111 00111111 11011000 00011111 1
111 10111000 11011101 11011100 0
111 10100011 11010111 11010001 1
111 10110100 10111101 11011010 0
111 01111101 00111010 00111110 1
111 10010010 00011111 11001001 0
111 10100101 11000100 11010010 1
111 11111000 01010010 11111100 0
111 11011100 11101011 11101110 0
111 00011101 00010001 00001110 1
