000 00000000 00000000
000 11111111 11111111
001 00000101 00000101
001 00000011 00001001
010 00000000 00000000
010 11111111 11111111
011 00000000 00000000
011 11111111 11111111
100 00000000 00000000
100 11111111 11111111
101 10000000 00000000
101 00000001 00000000
110 00000001 00000000
110 00000010 00000000
111 10000000 00000000
111 01111111 00000000
000 11001110 00110001
000 00101100 01001100
000 01001011 11101100
000 00101011 10010000
000 10011011 01100101
000 00000011 11100011
000 00010001 01011110
000 01011000 10110100
000 01111100 00000001
000 01011110 11111101
000 11000110 01100111
000 10101010 01100011
000 11110110 10110000
000 01110110 10011101
000 01011101 00001011
000 10010011 11000111
000 01100111 11001001
000 11101100 00111111
000 11000111 00001000
000 11001000 11001101
000 11101011 11100101
000 00000100 11100000
000 11011110 00111010
000 11111100 11110100
000 11110111 00000101
000 01000110 01110011
000 10101100 00110011
000 01110001 00011111
000 01101000 00011100
000 11100000 00001100
000 00000100 11101000
000 01011111 01100001
000 01000110 01111110
000 11100011 10000111
000 10000010 10100100
000 00100101 00001000
000 10010111 10100011
000 10000000 10100100
000 11100011 00110100
000 01111001 00101000
000 11110111 10101101
000 10111100 01001111
000 11111010 00001101
000 01110111 11111100
000 10100011 11111011
000 00001010 11000101
000 10010111 00101000
000 00011101 10101100
000 00001110 01110110
000 01010101 10010110
001 10000110 11010111
001 01101111 10111011
001 11010011 10010111
001 11101111 01101001
001 00101111 10111011
001 00101010 00000111
001 10000111 11010000
001 10110000 10000111
001 01001101 10100010
001 00001001 01110111
001 11100111 00001101
001 01111011 10111000
001 00100101 01001010
001 11011011 11001111
001 10110101 10110010
001 01111110 00011011
001 00000110 11000000
001 00001101 01101101
001 01101100 01010111
001 11011101 11111010
001 01100011 10010000
001 10101110 01001111
001 10000001 11001001
001 01100100 00010100
001 00101100 10001110
001 01100000 00101010
001 00101010 10101100
001 00000110 11000010
001 01111010 00100001
001 10110011 01010001
001 10001110 10010100
001 10101101 00000100
001 01000011 10111100
001 01101000 00011000
001 11010000 10000010
001 11110001 11110110
001 01110010 00010000
001 00000011 11010100
001 00110110 01101100
001 11110000 10011100
001 11000001 10010001
001 00101001 11110001
001 11100111 10110010
001 11100010 00010101
001 01011101 01100010
001 00011001 01101010
001 01101000 01111100
001 01110000 01010001
001 10011100 10110110
001 01010101 11101011
010 01000011 10011000
010 00111010 11111100
010 11101011 00101110
010 00100101 01010101
010 11101001 10111011
010 10000110 00010001
010 01000101 11101001
010 10100111 01101100
010 01001011 01101010
010 10010111 01111111
010 00010100 01101001
010 01000000 10000110
010 01111000 00000011
010 10111111 01110101
010 10110111 00100101
010 01100100 10110100
010 01101000 10100001
010 01111100 11101001
010 11010100 00011111
010 10001010 01001111
010 10110111 10001010
010 10011110 01111000
010 01010001 00000010
010 10100100 00100010
010 10001110 01010010
010 10001110 10110101
010 10000001 11110011
010 11111001 01100001
010 10101001 00100100
010 11011101 01110110
010 01010010 01010100
010 10011100 00101010
010 01000001 00001010
010 11111011 10100001
010 11111000 10101011
010 01110000 11000010
010 11001101 10000011
010 10001000 00110010
010 01111101 01000011
010 01010010 10101010
010 01011011 01000001
010 01010001 01010100
010 10010100 00110110
010 10000000 11100101
010 11101101 00001011
010 01001110 11010011
010 10101100 01001001
010 01000001 01100001
010 01111001 10100001
010 11010001 11110110
011 01110101 10110101
011 00100010 00110000
011 00011101 00110101
011 11011001 01001100
011 01000110 00101111
011 11001010 01001110
011 11101000 01110101
011 01000000 01010110
011 01000000 11011001
011 10100011 00001001
011 11100110 10100010
011 10011111 00001111
011 00110001 00101110
011 10010000 10011110
011 10001010 00111000
011 00111111 11111010
011 11001000 11100000
011 10101100 00011001
011 11010111 10010011
011 11011110 01011110
011 00110111 11000100
011 10101100 10010100
011 00110110 01000110
011 01010011 10111111
011 00011011 01101011
011 11011010 11000001
011 00110010 11010101
011 10011110 00010110
011 11011100 01001111
011 01110000 11100001
011 11111001 11101100
011 01111110 11101001
011 11100010 11101110
011 01101110 11010001
011 00011101 00000111
011 10100000 00100101
011 11111111 00100111
011 01011110 00110100
011 00101001 00111011
011 00110101 01010010
011 01101100 00010111
011 10011000 01010001
011 10001101 01111110
011 10100001 10111110
011 10111111 01011110
011 01010010 10110100
011 11110010 00010111
011 11010111 10000001
011 11000001 10011000
011 10111011 10110100
100 00011101 00110000
100 00010101 00111110
100 10100111 00100010
100 00100101 00101001
100 10101000 11100010
100 11001110 10001000
100 00111111 00101111
100 01111111 10000000
100 01011010 10100101
100 00101110 11001010
100 00100101 11000111
100 00101010 01100101
100 10101101 11111011
100 10011101 00110011
100 01110011 11100011
100 01101101 00011111
100 01101111 11001001
100 11000111 01001011
100 01101001 11100001
100 00001001 11001011
100 11011110 01010011
100 00010110 11100111
100 01010001 00110001
100 10101000 11111101
100 00101001 01000110
100 10001010 11000110
100 00011010 10011011
100 01110000 01000010
100 11100001 00111011
100 00110111 10100011
100 11110101 10110101
100 00011011 01110011
100 11010101 10000111
100 01111110 10110001
100 10001000 11001010
100 10100110 11000001
100 00101111 00110001
100 10100111 01001001
100 01100110 11011101
100 01110111 11010011
100 10000101 01011001
100 00101100 00111010
100 00110010 00000101
100 10000001 01000010
100 10111011 01010001
100 01101001 10011111
100 10111000 10100100
100 01010101 01000101
100 11111110 00110011
100 11011101 10101101
101 01111011 11110111
101 00110010 11011111
101 00011000 11101100
101 11000001 11101110
101 00111011 00001011
101 00000000 01101110
101 00101111 00110001
101 00001111 01010001
101 11100000 10101111
101 10101101 10010101
101 10110110 11110000
101 11101000 11000010
101 11011011 10101011
101 10110111 11111000
101 00101011 11111101
101 01100011 00010110
101 11001011 00110010
101 10111010 10111110
101 10001110 00101010
101 10001001 11111000
101 10001011 00101000
101 10010000 01000101
101 11100110 11011011
101 01000101 10000001
101 10010110 00100000
101 01000000 10100010
101 11011000 10011010
101 01100100 00011001
101 11011001 11110111
101 10000110 00110111
101 11010010 11000011
101 11110100 01100001
101 01111111 11110001
101 10010100 10101000
101 01010100 01010111
101 11110010 11111000
101 10100010 10101100
101 00100101 11010010
101 01111101 01110011
101 10011110 11110110
101 00001010 10000111
101 11111111 11010111
101 00110011 10111011
101 00110100 00010100
101 00010111 00011001
101 10100100 01000000
101 00000101 00000001
101 01100101 11111010
101 01100100 01011001
101 01001100 01010000
110 11011100 00011101
110 11001011 11001100
110 01000011 00110110
110 00001100 10001101
110 00000010 11011010
110 00001101 11111010
110 10011000 00000001
110 11101110 00001111
110 00100000 00010100
110 01110000 11101100
110 11111010 01100101
110 10110011 00100010
110 00111010 00000011
110 00000101 11110111
110 01111000 00100001
110 11000100 01100100
110 10101001 00010000
110 10011000 10111110
110 01110110 01101111
110 11101111 01000011
110 11010101 10101101
110 11101011 01001100
110 00010000 00111001
110 01110110 11100001
110 01100010 00111000
110 11010010 11101011
110 01110100 10100011
110 10110001 10000110
110 10111101 11110011
110 00100001 10011001
110 10001100 10001010
110 00010100 01011001
110 01010101 11011000
110 11100000 01111111
110 10101100 10010000
110 10011110 10000010
110 10110101 01011001
110 00110111 00010000
110 11010100 01001101
110 11000001 10100001
110 01100110 01011010
110 11000000 10011001
110 10010010 10101001
110 11001110 11111100
110 11101011 11101101
110 00111111 00011110
110 01100000 01000001
110 11010011 10100000
110 01100000 11010111
110 10000010 00000011
111 10010000 00110111
111 00100100 00101000
111 10010001 00111110
111 01101011 00100010
111 00001010 10100011
111 10001111 00110010
111 01010111 10011011
111 10000001 01101111
111 01100000 10111101
111 10110111 10101110
111 00011010 10000100
111 01001100 00100100
111 10111100 01010101
111 01001011 11101001
111 00100100 10011000
111 10111000 10001010
111 00101000 00100000
111 10000100 11111100
111 11100011 01011011
111 10001111 10110101
111 10101100 11100001
111 11000001 10011101
111 10101101 01001111
111 11010110 11101100
111 11100000 11010010
111 01000001 11111111
111 11100010 11101110
111 01010011 10100100
111 01100000 01101110
111 10101110 01010010
111 11110001 11001001
111 11000001 01101000
111 00110111 00011111
111 10001111 01100100
111 10010111 10111001
111 10000000 00001110
111 11111011 11000111
111 10000010 10101000
111 10001101 01111000
111 00010111 00001100
111 00111111 11011000
111 10111000 11011101
111 10100011 11010111
111 10110100 10111101
111 01111101 00111010
111 10010010 00011111
111 10100101 11000100
111 11111000 01010010
111 11011100 11101011
111 00011101 00010001
